0	1	2.66979
0.0314159	1	0
0.0628319	0.999013	-0.0314159
0.0942478	0.997039	-0.0628319
0.125664	0.994079	-0.0942168
0.15708	0.990135	-0.12554
0.188496	0.98521	-0.15677
0.219911	0.979308	-0.187876
0.251327	0.972433	-0.218827
0.282743	0.964592	-0.249593
0.314159	0.955791	-0.280143
0.345575	0.946038	-0.310446
0.376991	0.935342	-0.340473
0.408407	0.923712	-0.370194
0.439823	0.911159	-0.399579
0.471239	0.897694	-0.428598
0.502655	0.88333	-0.457223
0.534071	0.86808	-0.485425
0.565487	0.851958	-0.513175
0.596903	0.834979	-0.540447
0.628319	0.81716	-0.567212
0.659734	0.798516	-0.593443
0.69115	0.779066	-0.619115
0.722566	0.758828	-0.644201
0.753982	0.737821	-0.668677
0.785398	0.716065	-0.692516
0.816814	0.693581	-0.715695
0.84823	0.67039	-0.738191
0.879646	0.646514	-0.75998
0.911062	0.621977	-0.781041
0.942478	0.596802	-0.801352
0.973894	0.571013	-0.820892
1.00531	0.544635	-0.839641
1.03673	0.517693	-0.85758
1.06814	0.490214	-0.87469
1.09956	0.462224	-0.890954
1.13097	0.43375	-0.906355
1.16239	0.404819	-0.920876
1.19381	0.375461	-0.934503
1.22522	0.345703	-0.94722
1.25664	0.315575	-0.959016
1.28805	0.285105	-0.969876
1.31947	0.254324	-0.97979
1.35088	0.223262	-0.988747
1.3823	0.191949	-0.996737
1.41372	0.160415	-1.00375
1.44513	0.128692	-1.00978
1.47655	0.0968101	-1.01482
1.50796	0.0648015	-1.01886
1.53938	0.0326974	-1.02191
1.5708	0.000529361	-1.02394
1.60221	-0.031671	-1.02497
1.63363	-0.0638718	-1.02498
1.66504	-0.0960414	-1.02399
1.69646	-0.128148	-1.02198
1.72788	-0.16016	-1.01897
1.75929	-0.192045	-1.01494
1.79071	-0.223772	-1.00991
1.82212	-0.25531	-1.00388
1.85354	-0.286627	-0.996845
1.88496	-0.317692	-0.988825
1.91637	-0.348474	-0.97982
1.94779	-0.378942	-0.969839
1.9792	-0.409066	-0.958892
2.01062	-0.438817	-0.946987
2.04204	-0.468164	-0.934136
2.07345	-0.497077	-0.92035
2.10487	-0.525529	-0.905642
2.13628	-0.55349	-0.890026
2.1677	-0.580932	-0.873516
2.19911	-0.607828	-0.856128
2.23053	-0.634151	-0.837877
2.26195	-0.659874	-0.818782
2.29336	-0.684971	-0.798859
2.32478	-0.709416	-0.778129
2.35619	-0.733186	-0.75661
2.38761	-0.756255	-0.734323
2.41903	-0.778601	-0.711289
2.45044	-0.8002	-0.687531
2.48186	-0.821031	-0.66307
2.51327	-0.841073	-0.637931
2.54469	-0.860303	-0.612138
2.57611	-0.878704	-0.585714
2.60752	-0.896256	-0.558687
2.63894	-0.91294	-0.531082
2.67035	-0.92874	-0.502925
2.70177	-0.943639	-0.474244
2.73319	-0.957621	-0.445067
2.7646	-0.970672	-0.415422
2.79602	-0.982778	-0.385337
2.82743	-0.993926	-0.354843
2.85885	-1.0041	-0.323968
2.89027	-1.0133	-0.292743
2.92168	-1.02151	-0.261198
2.9531	-1.02871	-0.229364
2.98451	-1.03491	-0.197273
3.01593	-1.04009	-0.164955
3.04734	-1.04425	-0.132442
3.07876	-1.04739	-0.0997666
3.11018	-1.04949	-0.0669605
3.14159	-1.05056	-0.0340559
3.17301	-1.05059	-0.00108516
3.20442	-1.04959	0.0319192
3.23584	-1.04755	0.0649245
3.26726	-1.04448	0.0978984
3.29867	-1.04037	0.130808
3.33009	-1.03523	0.163621
3.3615	-1.02906	0.196305
3.39292	-1.02187	0.228828
3.42434	-1.01367	0.261157
3.45575	-1.00445	0.29326
3.48717	-0.994239	0.325105
3.51858	-0.983034	0.356661
3.55	-0.970848	0.387896
3.58142	-0.957692	0.418779
3.61283	-0.943577	0.449279
3.64425	-0.928518	0.479366
3.67566	-0.912527	0.509009
3.70708	-0.895619	0.538179
3.7385	-0.877811	0.566847
3.76991	-0.859119	0.594984
3.80133	-0.839561	0.622561
3.83274	-0.819155	0.649551
3.86416	-0.79792	0.675927
3.89557	-0.775876	0.701661
3.92699	-0.753046	0.726729
3.95841	-0.729449	0.751104
3.98982	-0.705109	0.774761
4.02124	-0.680049	0.797677
4.05265	-0.654294	0.819829
4.08407	-0.627867	0.841193
4.11549	-0.600794	0.861749
4.1469	-0.573102	0.881474
4.17832	-0.544817	0.900348
4.20973	-0.515966	0.918353
4.24115	-0.486577	0.935469
4.27257	-0.456679	0.951678
4.30398	-0.426301	0.966965
4.3354	-0.395472	0.981312
4.36681	-0.364223	0.994704
4.39823	-0.332583	1.00713
4.42965	-0.300584	1.01857
4.46106	-0.268256	1.02902
4.49248	-0.235632	1.03846
4.52389	-0.202743	1.04689
4.55531	-0.169621	1.05429
4.58673	-0.136299	1.06066
4.61814	-0.10281	1.06599
4.64956	-0.0691868	1.07027
4.68097	-0.0354617	1.0735
4.71239	-0.00166838	1.07568
4.7438	0.03216	1.07679
4.77522	0.06599	1.07684
4.80664	0.0997882	1.07583
4.83805	0.133521	1.07376
4.86947	0.167156	1.07062
4.90088	0.200659	1.06643
4.9323	0.233997	1.06118
4.96372	0.267137	1.05487
4.99513	0.300046	1.04752
5.02655	0.332691	1.03913
5.05796	0.36504	1.0297
5.08938	0.397061	1.01925
5.1208	0.428721	1.00778
5.15221	0.45999	0.99531
5.18363	0.490835	0.981842
5.21504	0.521227	0.967391
5.24646	0.551134	0.951971
5.27788	0.580526	0.935596
5.30929	0.609375	0.918281
5.34071	0.637651	0.900044
5.37212	0.665325	0.8809
5.40354	0.69237	0.860867
5.43496	0.718758	0.839965
5.46637	0.744463	0.818214
5.49779	0.769459	0.795633
5.5292	0.793719	0.772245
5.56062	0.817221	0.748072
5.59203	0.839939	0.723137
5.62345	0.86185	0.697463
5.65487	0.882933	0.671076
5.68628	0.903165	0.644
5.7177	0.922525	0.616262
5.74911	0.940994	0.587888
5.78053	0.958553	0.558906
5.81195	0.975182	0.529344
5.84336	0.990866	0.49923
5.87478	1.00559	0.468594
5.90619	1.01933	0.437465
5.93761	1.03208	0.405873
5.96903	1.04383	0.37385
6.00044	1.05455	0.341426
6.03186	1.06425	0.308633
6.06327	1.0729	0.275504
6.09469	1.08051	0.242069
6.12611	1.08705	0.208363
6.15752	1.09253	0.174418
6.18894	1.09694	0.140267
6.22035	1.10027	0.105944
6.25177	1.10251	0.0714825
6.28319	1.10367	0.0369166
6.3146	1.10375	0.00228004
6.34602	1.10273	-0.0323929
6.37743	1.10062	-0.0670681
6.40885	1.09743	-0.101711
6.44026	1.09314	-0.136288
6.47168	1.08778	-0.170765
6.5031	1.08134	-0.205107
6.53451	1.07382	-0.239281
6.56593	1.06523	-0.273252
6.59734	1.05559	-0.306987
6.62876	1.04489	-0.340452
6.66018	1.03316	-0.373615
6.69159	1.02039	-0.406441
6.72301	1.0066	-0.438899
6.75442	0.991805	-0.470955
6.78584	0.976016	-0.502578
6.81726	0.959248	-0.533737
6.84867	0.941517	-0.564399
6.88009	0.922839	-0.594535
6.9115	0.903232	-0.624114
6.94292	0.882714	-0.653105
6.97434	0.861304	-0.681481
7.00575	0.839024	-0.709213
7.03717	0.815893	-0.736271
7.06858	0.791934	-0.76263
7.1	0.767171	-0.788262
7.13142	0.741625	-0.813141
7.16283	0.715322	-0.837243
7.19425	0.688287	-0.860542
7.22566	0.660547	-0.883014
7.25708	0.632127	-0.904637
7.28849	0.603055	-0.925389
7.31991	0.573359	-0.945248
7.35133	0.543068	-0.964193
7.38274	0.512211	-0.982206
7.41416	0.480818	-0.999267
7.44557	0.44892	-1.01536
7.47699	0.416547	-1.03046
7.50841	0.383731	-1.04457
7.53982	0.350504	-1.05765
7.57124	0.316898	-1.06971
7.60265	0.282946	-1.08072
7.63407	0.248681	-1.09068
7.66549	0.214137	-1.09956
7.6969	0.179348	-1.10738
7.72832	0.144348	-1.1141
7.75973	0.10917	-1.11974
7.79115	0.0738498	-1.12427
7.82257	0.0384219	-1.1277
7.85398	0.00292121	-1.13002
7.8854	-0.0326174	-1.13123
7.91681	-0.068159	-1.13132
7.94823	-0.103668	-1.1303
7.97965	-0.13911	-1.12816
8.01106	-0.17445	-1.1249
8.04248	-0.209653	-1.12053
8.07389	-0.244683	-1.11505
8.10531	-0.279506	-1.10846
8.13672	-0.314088	-1.10078
8.16814	-0.348394	-1.09199
8.19956	-0.38239	-1.08213
8.23097	-0.416042	-1.07118
8.26239	-0.449317	-1.05917
8.2938	-0.482181	-1.0461
8.32522	-0.514602	-1.03198
8.35664	-0.546547	-1.01683
8.38805	-0.577984	-1.00067
8.41947	-0.608881	-0.983497
8.45088	-0.639208	-0.96534
8.4823	-0.668934	-0.946211
8.51372	-0.698029	-0.92613
8.54513	-0.726464	-0.905114
8.57655	-0.754211	-0.883185
8.60796	-0.78124	-0.860363
8.63938	-0.807524	-0.836668
8.6708	-0.833038	-0.812125
8.70221	-0.857755	-0.786756
8.73363	-0.881649	-0.760585
8.76504	-0.904697	-0.733638
8.79646	-0.926875	-0.70594
8.82788	-0.94816	-0.677518
8.85929	-0.96853	-0.6484
8.89071	-0.987964	-0.618612
8.92212	-1.00644	-0.588185
8.95354	-1.02395	-0.557147
8.98495	-1.04046	-0.525529
9.01637	-1.05596	-0.493361
9.04779	-1.07043	-0.460674
9.0792	-1.08386	-0.4275
9.11062	-1.09623	-0.393872
9.14203	-1.10754	-0.359821
9.17345	-1.11776	-0.325382
9.20487	-1.12689	-0.290588
9.23628	-1.13491	-0.255472
9.2677	-1.14183	-0.22007
9.29911	-1.14762	-0.184416
9.33053	-1.15229	-0.148544
9.36195	-1.15582	-0.112491
9.39336	-1.15822	-0.0762907
9.42478	-1.15947	-0.0399795
9.45619	-1.15959	-0.00359298
9.48761	-1.15856	0.032833
9.51903	-1.15638	0.0692625
9.55044	-1.15306	0.10566
9.58186	-1.1486	0.141988
9.61327	-1.143	0.178213
9.64469	-1.13627	0.214297
9.67611	-1.12841	0.250205
9.70752	-1.11943	0.285902
9.73894	-1.10933	0.321352
9.77035	-1.09813	0.35652
9.80177	-1.08583	0.391371
9.83319	-1.07246	0.42587
9.8646	-1.058	0.459982
9.89602	-1.0425	0.493674
9.92743	-1.02594	0.526912
9.95885	-1.00836	0.559663
9.99026	-0.989765	0.591894
10.0217	-0.970175	0.623573
10.0531	-0.949608	0.654667
10.0845	-0.928083	0.685146
10.1159	-0.905621	0.714979
10.1473	-0.882244	0.744136
10.1788	-0.857972	0.772586
10.2102	-0.83283	0.800303
10.2416	-0.806841	0.827257
10.273	-0.78003	0.853421
10.3044	-0.752423	0.878769
10.3358	-0.724045	0.903274
10.3673	-0.694926	0.926912
10.3987	-0.665091	0.949659
10.4301	-0.634571	0.97149
10.4615	-0.603394	0.992385
10.4929	-0.571591	1.01232
10.5243	-0.539193	1.03128
10.5558	-0.50623	1.04923
10.5872	-0.472735	1.06617
10.6186	-0.438741	1.08208
10.65	-0.40428	1.09693
10.6814	-0.369386	1.11071
10.7128	-0.334093	1.12341
10.7442	-0.298435	1.13502
10.7757	-0.262448	1.14551
10.8071	-0.226166	1.15489
10.8385	-0.189625	1.16313
10.8699	-0.152861	1.17024
10.9013	-0.11591	1.1762
10.9327	-0.0788074	1.181
10.9642	-0.0415908	1.18464
10.9956	-0.00429647	1.18712
11.027	0.0330389	1.18842
11.0584	0.0703785	1.18856
11.0898	0.107686	1.18752
11.1212	0.144923	1.18531
11.1527	0.182054	1.18192
11.1841	0.219043	1.17737
11.2155	0.255851	1.17165
11.2469	0.292444	1.16477
11.2783	0.328783	1.15673
11.3097	0.364835	1.14755
11.3411	0.400561	1.13722
11.3726	0.435928	1.12576
11.404	0.470899	1.11317
11.4354	0.50544	1.09948
11.4668	0.539517	1.08468
11.4982	0.573094	1.0688
11.5296	0.606139	1.05185
11.5611	0.638618	1.03385
11.5925	0.6705	1.01481
11.6239	0.70175	0.994745
11.6553	0.732339	0.97368
11.6867	0.762236	0.951634
11.7181	0.79141	0.928627
11.7496	0.819831	0.904681
11.781	0.847471	0.879818
11.8124	0.874302	0.854062
11.8438	0.900297	0.827438
11.8752	0.925429	0.799971
11.9066	0.949672	0.771687
11.9381	0.973002	0.742614
11.9695	0.995395	0.712779
12.0009	1.01683	0.682212
12.0323	1.03728	0.65094
12.0637	1.05672	0.618996
12.0951	1.07515	0.586409
12.1265	1.09253	0.553211
12.158	1.10884	0.519434
12.1894	1.12408	0.485111
12.2208	1.13823	0.450276
12.2522	1.15127	0.414962
12.2836	1.16318	0.379203
12.315	1.17396	0.343035
12.3465	1.18359	0.306493
12.3779	1.19206	0.269612
12.4093	1.19936	0.232429
12.4407	1.20548	0.194979
12.4721	1.21042	0.1573
12.5035	1.21418	0.119429
12.535	1.21673	0.0814021
12.5664	1.21809	0.0432577
12.5978	1.21825	0.00503285
12.6292	1.21721	-0.0332347
12.6606	1.21496	-0.0715071
12.692	1.21151	-0.109747
12.7235	1.20687	-0.147916
12.7549	1.20102	-0.185977
12.7863	1.19399	-0.223891
12.8177	1.18577	-0.261623
12.8491	1.17637	-0.299133
12.8805	1.1658	-0.336385
12.9119	1.15408	-0.373342
12.9434	1.1412	-0.409967
12.9748	1.12718	-0.446223
13.0062	1.11203	-0.482075
13.0376	1.09578	-0.517486
13.069	1.07842	-0.552422
13.1004	1.05998	-0.586846
13.1319	1.04048	-0.620726
13.1633	1.01994	-0.654026
13.1947	0.998363	-0.686714
13.2261	0.975783	-0.718756
13.2575	0.952217	-0.750121
13.2889	0.927688	-0.780776
13.3204	0.90222	-0.810691
13.3518	0.875835	-0.839835
13.3832	0.848561	-0.868179
13.4146	0.820422	-0.895694
13.446	0.791445	-0.922353
13.4774	0.761659	-0.948127
13.5088	0.731091	-0.972991
13.5403	0.699772	-0.996919
13.5717	0.667732	-1.01989
13.6031	0.635	-1.04187
13.6345	0.60161	-1.06285
13.6659	0.567593	-1.0828
13.6973	0.532982	-1.1017
13.7288	0.497811	-1.11953
13.7602	0.462114	-1.13627
13.7916	0.425925	-1.15191
13.823	0.389281	-1.16643
13.8544	0.352216	-1.17981
13.8858	0.314767	-1.19204
13.9173	0.27697	-1.20311
13.9487	0.238863	-1.21299
13.9801	0.200482	-1.2217
14.0115	0.161866	-1.2292
14.0429	0.123051	-1.2355
14.0743	0.0840774	-1.24058
14.1058	0.0449818	-1.24445
14.1372	0.00580332	-1.24709
14.1686	-0.0334196	-1.2485
14.2	-0.0726482	-1.24869
14.2314	-0.111844	-1.24764
14.2628	-0.150968	-1.24535
14.2942	-0.189981	-1.24184
14.3257	-0.228846	-1.2371
14.3571	-0.267523	-1.23113
14.3885	-0.305974	-1.22394
14.4199	-0.344161	-1.21553
14.4513	-0.382046	-1.20592
14.4827	-0.419592	-1.19511
14.5142	-0.45676	-1.18311
14.5456	-0.493515	-1.16993
14.577	-0.529818	-1.15558
14.6084	-0.565635	-1.14007
14.6398	-0.600928	-1.12343
14.6712	-0.635663	-1.10566
14.7027	-0.669806	-1.08678
14.7341	-0.70332	-1.06681
14.7655	-0.736174	-1.04577
14.7969	-0.768334	-1.02367
14.8283	-0.799767	-1.00054
14.8597	-0.830441	-0.976406
14.8911	-0.860327	-0.95128
14.9226	-0.889392	-0.925191
14.954	-0.917609	-0.898163
14.9854	-0.944948	-0.870222
15.0168	-0.971381	-0.841394
15.0482	-0.996882	-0.811708
15.0796	-1.02142	-0.781191
15.1111	-1.04498	-0.749873
15.1425	-1.06753	-0.717784
15.1739	-1.08905	-0.684955
15.2053	-1.10951	-0.651418
15.2367	-1.1289	-0.617204
15.2681	-1.1472	-0.582348
15.2996	-1.16438	-0.546882
15.331	-1.18043	-0.510842
15.3624	-1.19533	-0.474262
15.3938	-1.20906	-0.437177
15.4252	-1.22162	-0.399625
15.4566	-1.23298	-0.361641
15.4881	-1.24313	-0.323263
15.5195	-1.25207	-0.284528
15.5509	-1.25978	-0.245474
15.5823	-1.26626	-0.206139
15.6137	-1.27149	-0.166561
15.6451	-1.27548	-0.126781
15.6765	-1.2782	-0.0868354
15.708	-1.27967	-0.0467651
15.7394	-1.27988	-0.00660913
15.7708	-1.27883	0.033593
15.8022	-1.27651	0.0738017
15.8336	-1.27293	0.113977
15.865	-1.26809	0.15408
15.8965	-1.26199	0.19407
15.9279	-1.25464	0.233908
15.9593	-1.24605	0.273555
15.9907	-1.23621	0.31297
16.0221	-1.22515	0.352116
16.0535	-1.21287	0.390953
16.085	-1.19938	0.429442
16.1164	-1.18469	0.467546
16.1478	-1.16882	0.505225
16.1792	-1.15178	0.542443
16.2106	-1.13358	0.579163
16.242	-1.11425	0.615347
16.2734	-1.0938	0.65096
16.3049	-1.07225	0.685965
16.3363	-1.04962	0.720328
16.3677	-1.02593	0.754013
16.3991	-1.00121	0.786988
16.4305	-0.975472	0.819219
16.4619	-0.948747	0.850673
16.4934	-0.921059	0.881318
16.5248	-0.892436	0.911124
16.5562	-0.862903	0.94006
16.5876	-0.832489	0.968096
16.619	-0.801224	0.995205
16.6504	-0.769137	1.02136
16.6819	-0.736259	1.04653
16.7133	-0.702622	1.07069
16.7447	-0.668259	1.09382
16.7761	-0.633202	1.1159
16.8075	-0.597486	1.13689
16.8389	-0.561144	1.15678
16.8704	-0.524213	1.17555
16.9018	-0.486728	1.19318
16.9332	-0.448726	1.20965
16.9646	-0.410243	1.22494
16.996	-0.371318	1.23904
17.0274	-0.331987	1.25193
17.0588	-0.29229	1.26359
17.0903	-0.252265	1.27402
17.1217	-0.211952	1.28321
17.1531	-0.17139	1.29113
17.1845	-0.130619	1.29779
17.2159	-0.0896787	1.30317
17.2473	-0.0486094	1.30728
17.2788	-0.00745156	1.31009
17.3102	0.0337542	1.31162
17.3416	0.0749674	1.31186
17.373	0.116147	1.3108
17.4044	0.157253	1.30844
17.4358	0.198244	1.30479
17.4673	0.23908	1.29985
17.4987	0.279721	1.29362
17.5301	0.320125	1.28611
17.5615	0.360253	1.27732
17.5929	0.400066	1.26727
17.6243	0.439523	1.25595
17.6558	0.478585	1.24338
17.6872	0.517213	1.22957
17.7186	0.555369	1.21454
17.75	0.593014	1.19829
17.7814	0.630111	1.18084
17.8128	0.666623	1.16221
17.8442	0.702513	1.14242
17.8757	0.737745	1.12147
17.9071	0.772284	1.0994
17.9385	0.806095	1.07623
17.9699	0.839143	1.05196
18.0013	0.871396	1.02664
18.0327	0.902821	1.00028
18.0642	0.933385	0.972902
18.0956	0.963059	0.944539
18.127	0.991811	0.915216
18.1584	1.01961	0.884961
18.1898	1.04644	0.853802
18.2212	1.07225	0.82177
18.2527	1.09704	0.788895
18.2841	1.12076	0.755209
18.3155	1.14341	0.720745
18.3469	1.16494	0.685535
18.3783	1.18535	0.649614
18.4097	1.20461	0.613016
18.4411	1.2227	0.575777
18.4726	1.2396	0.537933
18.504	1.25529	0.499521
18.5354	1.26976	0.460578
18.5668	1.28299	0.421142
18.5982	1.29497	0.381251
18.6296	1.30568	0.340945
18.6611	1.31511	0.300263
18.6925	1.32326	0.259243
18.7239	1.3301	0.217928
18.7553	1.33564	0.176357
18.7867	1.33987	0.13457
18.8181	1.34278	0.0926099
18.8496	1.34437	0.0505166
18.881	1.34463	0.00833193
18.9124	1.34356	-0.0339026
18.9438	1.34117	-0.0761453
18.9752	1.33745	-0.118355
19.0066	1.33241	-0.160489
19.0381	1.32605	-0.202506
19.0695	1.31837	-0.244365
19.1009	1.30939	-0.286024
19.1323	1.2991	-0.327442
19.1637	1.28752	-0.368578
19.1951	1.27466	-0.40939
19.2265	1.26053	-0.449839
19.258	1.24514	-0.489883
19.2894	1.2285	-0.529484
19.3208	1.21064	-0.568601
19.3522	1.19156	-0.607195
19.3836	1.17129	-0.645229
19.415	1.14985	-0.682663
19.4465	1.12724	-0.71946
19.4779	1.10351	-0.755584
19.5093	1.07866	-0.790997
19.5407	1.05272	-0.825665
19.5721	1.02571	-0.859552
19.6035	0.997672	-0.892624
19.635	0.968617	-0.924848
19.6664	0.938577	-0.95619
19.6978	0.907582	-0.98662
19.7292	0.87566	-1.01611
19.7606	0.842842	-1.04462
19.792	0.80916	-1.07213
19.8234	0.774646	-1.09861
19.8549	0.739334	-1.12403
19.8863	0.703257	-1.14836
19.9177	0.66645	-1.17159
19.9491	0.62895	-1.19368
19.9805	0.590791	-1.21462
20.0119	0.552012	-1.23438
20.0434	0.51265	-1.25294
20.0748	0.472743	-1.27028
20.1062	0.432329	-1.28639
20.1376	0.39145	-1.30124
20.169	0.350143	-1.31482
20.2004	0.308451	-1.32712
20.2319	0.266412	-1.33812
20.2633	0.22407	-1.34781
20.2947	0.181464	-1.35618
20.3261	0.138637	-1.36322
20.3575	0.0956314	-1.36892
20.3889	0.0524887	-1.37328
20.4204	0.00925162	-1.37628
20.4518	-0.0340373	-1.37793
20.4832	-0.0773353	-1.37822
20.5146	-0.1206	-1.37715
20.546	-0.163788	-1.37472
20.5774	-0.206857	-1.37093
20.6088	-0.249764	-1.36579
20.6403	-0.292468	-1.35929
20.6717	-0.334924	-1.35144
20.7031	-0.377093	-1.34225
20.7345	-0.41893	-1.33173
20.7659	-0.460396	-1.31988
20.7973	-0.501447	-1.30672
20.8288	-0.542045	-1.29226
20.8602	-0.582148	-1.27651
20.8916	-0.621715	-1.25948
20.923	-0.660708	-1.24119
20.9544	-0.699088	-1.22166
20.9858	-0.736815	-1.2009
21.0173	-0.773853	-1.17894
21.0487	-0.810163	-1.15579
21.0801	-0.845709	-1.13148
21.1115	-0.880456	-1.10603
21.1429	-0.914368	-1.07946
21.1743	-0.947411	-1.0518
21.2058	-0.979552	-1.02307
21.2372	-1.01076	-0.993308
21.2686	-1.041	-0.962534
21.3	-1.07024	-0.93078
21.3314	-1.09845	-0.898076
21.3628	-1.12561	-0.864454
21.3942	-1.15168	-0.829945
21.4257	-1.17665	-0.794583
21.4571	-1.20047	-0.758402
21.4885	-1.22314	-0.721436
21.5199	-1.24462	-0.683722
21.5513	-1.26489	-0.645296
21.5827	-1.28393	-0.606196
21.6142	-1.30173	-0.566458
21.6456	-1.31826	-0.526122
21.677	-1.3335	-0.485227
21.7084	-1.34744	-0.443813
21.7398	-1.36007	-0.40192
21.7712	-1.37137	-0.359588
21.8027	-1.38132	-0.316861
21.8341	-1.38992	-0.273778
21.8655	-1.39716	-0.230382
21.8969	-1.40303	-0.186717
21.9283	-1.40751	-0.142824
21.9597	-1.41062	-0.0987462
21.9911	-1.41233	-0.0545278
22.0226	-1.41265	-0.010212
22.054	-1.41158	0.0341576
22.0854	-1.40911	0.0785372
22.1168	-1.40525	0.122883
22.1482	-1.4	0.167152
22.1796	-1.39336	0.211299
22.2111	-1.38534	0.255281
22.2425	-1.37594	0.299055
22.2739	-1.36518	0.342576
22.3053	-1.35306	0.385803
22.3367	-1.33959	0.428691
22.3681	-1.32479	0.471199
22.3996	-1.30867	0.513284
22.431	-1.29123	0.554903
22.4624	-1.27251	0.596016
22.4938	-1.25251	0.636581
22.5252	-1.23125	0.676558
22.5566	-1.20876	0.715907
22.5881	-1.18506	0.754588
22.6195	-1.16016	0.792563
22.6509	-1.13409	0.829792
22.6823	-1.10688	0.86624
22.7137	-1.07854	0.901868
22.7451	-1.04912	0.936642
22.7765	-1.01863	0.970525
22.808	-0.987102	1.00348
22.8394	-0.954571	1.03549
22.8708	-0.921066	1.0665
22.9022	-0.886619	1.09648
22.9336	-0.851263	1.12542
22.965	-0.815032	1.15327
22.9965	-0.777961	1.18002
23.0279	-0.740085	1.20562
23.0593	-0.701441	1.23006
23.0907	-0.662067	1.25331
23.1221	-0.622001	1.27535
23.1535	-0.581281	1.29615
23.185	-0.539948	1.31569
23.2164	-0.49804	1.33395
23.2478	-0.4556	1.35091
23.2792	-0.412668	1.36656
23.3106	-0.369287	1.38087
23.342	-0.325498	1.39384
23.3734	-0.281345	1.40544
23.4049	-0.23687	1.41567
23.4363	-0.192118	1.4245
23.4677	-0.147132	1.43195
23.4991	-0.101957	1.43798
23.5305	-0.056636	1.4426
23.5619	-0.0112147	1.44581
23.5934	0.0342626	1.44759
23.6248	0.079751	1.44794
23.6562	0.125205	1.44686
23.6876	0.170581	1.44436
23.719	0.215834	1.44042
23.7504	0.260917	1.43506
23.7819	0.305788	1.42828
23.8133	0.350402	1.42009
23.8447	0.394713	1.41048
23.8761	0.438679	1.39947
23.9075	0.482255	1.38707
23.9389	0.525398	1.37329
23.9704	0.568065	1.35814
24.0018	0.610214	1.34163
24.0332	0.651802	1.32379
24.0646	0.692788	1.30462
24.096	0.73313	1.28414
24.1274	0.772789	1.26238
24.1588	0.811724	1.23934
24.1903	0.849897	1.21507
24.2217	0.887268	1.18956
24.2531	0.9238	1.16286
24.2845	0.959457	1.13499
24.3159	0.994202	1.10597
24.3473	1.028	1.07583
24.3788	1.06082	1.04459
24.4102	1.09262	1.0123
24.4416	1.12337	0.97897
24.473	1.15305	0.944644
24.5044	1.18162	0.909352
24.5358	1.20905	0.873128
24.5673	1.23531	0.836007
24.5987	1.26038	0.798023
24.6301	1.28424	0.759215
24.6615	1.30684	0.719619
24.6929	1.32818	0.679273
24.7243	1.34823	0.638217
24.7558	1.36697	0.596491
24.7872	1.38438	0.554135
24.8186	1.40044	0.511191
24.85	1.41513	0.467699
24.8814	1.42845	0.423703
24.9128	1.44036	0.379245
24.9442	1.45086	0.334369
24.9757	1.45995	0.289119
25.0071	1.4676	0.243539
25.0385	1.47381	0.197673
25.0699	1.47857	0.151567
25.1013	1.48188	0.105266
25.1327	1.48372	0.0588155
25.1642	1.48411	0.012261
25.1956	1.48303	-0.0343516
25.227	1.48049	-0.0809763
25.2584	1.47648	-0.127567
25.2898	1.47101	-0.174078
25.3212	1.46408	-0.220463
25.3527	1.45571	-0.266676
25.3841	1.44588	-0.312672
25.4155	1.43462	-0.358404
25.4469	1.42194	-0.403828
25.4783	1.40783	-0.448898
25.5097	1.39233	-0.493569
25.5411	1.37543	-0.537798
25.5726	1.35716	-0.581539
25.604	1.33754	-0.624749
25.6354	1.31657	-0.667386
25.6668	1.29428	-0.709406
25.6982	1.2707	-0.750767
25.7296	1.24583	-0.791428
25.7611	1.21972	-0.831348
25.7925	1.19237	-0.870487
25.8239	1.16382	-0.908806
25.8553	1.13409	-0.946265
25.8867	1.10321	-0.982828
25.9181	1.07122	-1.01846
25.9496	1.03813	-1.05311
25.981	1.00399	-1.08677
26.0124	0.968825	-1.11938
26.0438	0.932668	-1.15092
26.0752	0.895554	-1.18136
26.1066	0.85752	-1.21066
26.1381	0.818602	-1.2388
26.1695	0.778838	-1.26573
26.2009	0.738266	-1.29145
26.2323	0.696925	-1.31592
26.2637	0.654856	-1.33911
26.2951	0.612098	-1.36101
26.3265	0.568695	-1.38158
26.358	0.524687	-1.40081
26.3894	0.480118	-1.41868
26.4208	0.435031	-1.43516
26.4522	0.38947	-1.45024
26.4836	0.34348	-1.46391
26.515	0.297106	-1.47615
26.5465	0.250392	-1.48694
26.5779	0.203386	-1.49627
26.6093	0.156132	-1.50414
26.6407	0.108677	-1.51053
26.6721	0.0610685	-1.51543
26.7035	0.0133525	-1.51885
26.735	-0.0344237	-1.52076
26.7664	-0.0822131	-1.52118
26.7978	-0.129968	-1.5201
26.8292	-0.177643	-1.51752
26.8606	-0.225189	-1.51344
26.892	-0.272559	-1.50786
26.9234	-0.319708	-1.50078
26.9549	-0.366587	-1.49222
26.9863	-0.413151	-1.48217
27.0177	-0.459353	-1.47066
27.0491	-0.505147	-1.45768
27.0805	-0.550488	-1.44325
27.1119	-0.595331	-1.42738
27.1434	-0.63963	-1.41008
27.1748	-0.683341	-1.39138
27.2062	-0.726422	-1.37129
27.2376	-0.768827	-1.34982
27.269	-0.810516	-1.327
27.3004	-0.851446	-1.30284
27.3319	-0.891576	-1.27738
27.3633	-0.930866	-1.25063
27.3947	-0.969276	-1.22262
27.4261	-1.00677	-1.19338
27.4575	-1.0433	-1.16293
27.4889	-1.07884	-1.1313
27.5204	-1.11335	-1.09852
27.5518	-1.1468	-1.06463
27.5832	-1.17915	-1.02965
27.6146	-1.21036	-0.993624
27.646	-1.24041	-0.95658
27.6774	-1.26927	-0.918556
27.7088	-1.2969	-0.879587
27.7403	-1.32329	-0.839712
27.7717	-1.34839	-0.798968
27.8031	-1.37218	-0.757396
27.8345	-1.39464	-0.715035
27.8659	-1.41575	-0.671927
27.8973	-1.43549	-0.628113
27.9288	-1.45382	-0.583636
27.9602	-1.47074	-0.538539
27.9916	-1.48622	-0.492865
28.023	-1.50026	-0.446661
28.0544	-1.51282	-0.39997
28.0858	-1.52391	-0.352838
28.1173	-1.5335	-0.305311
28.1487	-1.54158	-0.257436
28.1801	-1.54816	-0.20926
28.2115	-1.55321	-0.16083
28.2429	-1.55674	-0.112193
28.2743	-1.55873	-0.0633972
28.3057	-1.55918	-0.0144909
28.3372	-1.5581	0.0344779
28.3686	-1.55548	0.0834611
28.4	-1.55132	0.13241
28.4314	-1.54562	0.181277
28.4628	-1.5384	0.230013
28.4942	-1.52965	0.27857
28.5257	-1.51938	0.3269
28.5571	-1.5076	0.374956
28.5885	-1.49432	0.422688
28.6199	-1.47955	0.470051
28.6513	-1.46331	0.516996
28.6827	-1.44561	0.563478
28.7142	-1.42646	0.609449
28.7456	-1.40589	0.654864
28.777	-1.38391	0.699677
28.8084	-1.36054	0.743845
28.8398	-1.3358	0.787321
28.8712	-1.30972	0.830064
28.9027	-1.28233	0.872029
28.9341	-1.25364	0.913175
28.9655	-1.22369	0.953461
28.9969	-1.1925	0.992845
29.0283	-1.1601	1.03129
29.0597	-1.12652	1.06875
29.0911	-1.0918	1.1052
29.1226	-1.05597	1.14059
29.154	-1.01906	1.17489
29.1854	-0.981105	1.20806
29.2168	-0.942147	1.24008
29.2482	-0.902221	1.2709
29.2796	-0.861364	1.3005
29.3111	-0.819618	1.32884
29.3425	-0.777021	1.3559
29.3739	-0.733615	1.38165
29.4053	-0.689442	1.40606
29.4367	-0.644545	1.42911
29.4681	-0.598968	1.45077
29.4996	-0.552755	1.47102
29.531	-0.50595	1.48983
29.5624	-0.4586	1.5072
29.5938	-0.41075	1.5231
29.6252	-0.362448	1.5375
29.6566	-0.313741	1.55041
29.6881	-0.264676	1.56179
29.7195	-0.215301	1.57165
29.7509	-0.165665	1.57996
29.7823	-0.115816	1.58673
29.8137	-0.0658042	1.59193
29.8451	-0.0156779	1.59557
29.8765	0.0345134	1.59764
29.908	0.0847202	1.59813
29.9394	0.134893	1.59705
29.9708	0.184982	1.59439
30.0022	0.234938	1.59015
30.0336	0.284711	1.58434
30.065	0.334253	1.57696
30.0965	0.383513	1.56801
30.1279	0.432444	1.55751
30.1593	0.480996	1.54546
30.1907	0.529121	1.53188
30.2221	0.576772	1.51677
30.2535	0.6239	1.50014
30.285	0.67046	1.48202
30.3164	0.716403	1.46242
30.3478	0.761685	1.44136
30.3792	0.806259	1.41885
30.4106	0.850082	1.39492
30.442	0.893109	1.36959
30.4734	0.935297	1.34289
30.5049	0.976604	1.31483
30.5363	1.01699	1.28545
30.5677	1.05641	1.25477
30.5991	1.09482	1.22282
30.6305	1.1322	1.18963
30.6619	1.16849	1.15523
30.6934	1.20366	1.11966
30.7248	1.23769	1.08296
30.7562	1.27052	1.04514
30.7876	1.30213	1.00626
30.819	1.33249	0.966344
30.8504	1.36156	0.925436
30.8819	1.38932	0.883575
30.9133	1.41574	0.8408
30.9447	1.44078	0.797153
30.9761	1.46443	0.752676
31.0075	1.48665	0.707413
31.0389	1.50743	0.661406
31.0704	1.52674	0.614702
31.1018	1.54456	0.567345
31.1332	1.56088	0.519381
31.1646	1.57567	0.470857
31.196	1.58893	0.42182
31.2274	1.60062	0.372319
31.2588	1.61075	0.322401
31.2903	1.6193	0.272116
31.3217	1.62626	0.221513
31.3531	1.63162	0.170641
31.3845	1.63538	0.119551
31.4159	1.63752	0.0682919
31.4473	1.63805	0.0169151
31.4788	1.63697	-0.0345292
31.5102	1.63427	-0.0859901
31.5416	1.62995	-0.137417
31.573	1.62402	-0.188759
31.6044	1.61648	-0.239965
31.6358	1.60734	-0.290985
31.6673	1.5966	-0.341769
31.6987	1.58428	-0.392265
31.7301	1.57038	-0.442423
31.7615	1.55492	-0.492195
31.7929	1.5379	-0.54153
31.8243	1.51936	-0.590379
31.8557	1.49929	-0.638694
31.8872	1.47773	-0.686426
31.9186	1.45468	-0.733527
31.95	1.43018	-0.779951
31.9814	1.40424	-0.825652
32.0128	1.37689	-0.870582
32.0442	1.34815	-0.914698
32.0757	1.31806	-0.957954
32.1071	1.28663	-1.00031
32.1385	1.25391	-1.04172
32.1699	1.21991	-1.08214
32.2013	1.18468	-1.12153
32.2327	1.14824	-1.15985
32.2642	1.11063	-1.19707
32.2956	1.07189	-1.23314
32.327	1.03206	-1.26804
32.3584	0.991161	-1.30171
32.3898	0.949248	-1.33413
32.4212	0.906357	-1.36527
32.4527	0.862529	-1.39509
32.4841	0.817806	-1.42357
32.5155	0.772232	-1.45066
32.5469	0.725851	-1.47636
32.5783	0.678708	-1.50062
32.6097	0.630848	-1.52342
32.6411	0.582318	-1.54474
32.6726	0.533166	-1.56456
32.704	0.483439	-1.58285
32.7354	0.433186	-1.5996
32.7668	0.382456	-1.61479
32.7982	0.331298	-1.6284
32.8296	0.279763	-1.64042
32.8611	0.227901	-1.65082
32.8925	0.175763	-1.65961
32.9239	0.123399	-1.66677
32.9553	0.0708627	-1.6723
32.9867	0.0182042	-1.67617
33.0181	-0.0345242	-1.6784
33.0496	-0.0872706	-1.67897
33.081	-0.139983	-1.67789
33.1124	-0.192609	-1.67514
33.1438	-0.245097	-1.67075
33.1752	-0.297395	-1.6647
33.2066	-0.349451	-1.657
33.2381	-0.401214	-1.64765
33.2695	-0.452631	-1.63667
33.3009	-0.503653	-1.62407
33.3323	-0.554228	-1.60985
33.3637	-0.604306	-1.59403
33.3951	-0.653836	-1.57662
33.4265	-0.702771	-1.55763
33.458	-0.75106	-1.53709
33.4894	-0.798655	-1.51501
33.5208	-0.84551	-1.49142
33.5522	-0.891576	-1.46633
33.5836	-0.936807	-1.43976
33.615	-0.981159	-1.41175
33.6465	-1.02459	-1.38232
33.6779	-1.06704	-1.3515
33.7093	-1.10849	-1.31931
33.7407	-1.14889	-1.28579
33.7721	-1.18819	-1.25096
33.8035	-1.22635	-1.21487
33.835	-1.26335	-1.17754
33.8664	-1.29913	-1.13902
33.8978	-1.33367	-1.09933
33.9292	-1.36692	-1.05851
33.9606	-1.39886	-1.01661
33.992	-1.42945	-0.973672
34.0234	-1.45865	-0.929725
34.0549	-1.48645	-0.884818
34.0863	-1.51281	-0.838993
34.1177	-1.5377	-0.792295
34.1491	-1.5611	-0.744768
34.1805	-1.58298	-0.69646
34.2119	-1.60332	-0.647417
34.2434	-1.62209	-0.597686
34.2748	-1.63929	-0.547316
34.3062	-1.65488	-0.496357
34.3376	-1.66886	-0.444857
34.369	-1.6812	-0.392867
34.4004	-1.6919	-0.340439
34.4319	-1.70093	-0.287622
34.4633	-1.7083	-0.23447
34.4947	-1.71398	-0.181034
34.5261	-1.71799	-0.127366
34.5575	-1.7203	-0.0735194
34.5889	-1.72091	-0.0195473
34.6204	-1.71983	0.0344974
34.6518	-1.71704	0.0885614
34.6832	-1.71256	0.142591
34.7146	-1.70639	0.196534
34.746	-1.69852	0.250336
34.7774	-1.68898	0.303943
34.8088	-1.67775	0.357304
34.8403	-1.66486	0.410365
34.8717	-1.65031	0.463073
34.9031	-1.63412	0.515376
34.9345	-1.6163	0.567222
34.9659	-1.59687	0.61856
34.9973	-1.57584	0.669337
35.0288	-1.55324	0.719504
35.0602	-1.52908	0.769011
35.0916	-1.50338	0.817807
35.123	-1.47618	0.865844
35.1544	-1.4475	0.913075
35.1858	-1.41736	0.95945
35.2173	-1.38579	1.00492
35.2487	-1.35282	1.04945
35.2801	-1.31848	1.09299
35.3115	-1.28281	1.13549
35.3429	-1.24583	1.17691
35.3743	-1.20759	1.21721
35.4057	-1.16812	1.25635
35.4372	-1.12746	1.29429
35.4686	-1.08565	1.33098
35.5	-1.04272	1.3664
35.5314	-0.998723	1.40051
35.5628	-0.953696	1.43327
35.5942	-0.907683	1.46465
35.6257	-0.860728	1.49461
35.6571	-0.812878	1.52312
35.6885	-0.764178	1.55016
35.7199	-0.714676	1.5757
35.7513	-0.66442	1.59971
35.7827	-0.613458	1.62216
35.8142	-0.561841	1.64303
35.8456	-0.509618	1.66231
35.877	-0.45684	1.67996
35.9084	-0.40356	1.69597
35.9398	-0.349829	1.71032
35.9712	-0.295699	1.723
36.0027	-0.241225	1.73399
36.0341	-0.186458	1.74328
36.0655	-0.131453	1.75085
36.0969	-0.0762645	1.75671
36.1283	-0.020946	1.76084
36.1597	0.0344478	1.76324
36.1911	0.0898622	1.7639
36.2226	0.145243	1.76281
36.254	0.200534	1.75999
36.2854	0.255683	1.75543
36.3168	0.310633	1.74913
36.3482	0.365331	1.7411
36.3796	0.419723	1.73134
36.4111	0.473754	1.71986
36.4425	0.527371	1.70667
36.4739	0.58052	1.69179
36.5053	0.633148	1.67522
36.5367	0.685204	1.65698
36.5681	0.736635	1.63709
36.5996	0.787389	1.61557
36.631	0.837417	1.59243
36.6624	0.886667	1.56769
36.6938	0.935091	1.54138
36.7252	0.98264	1.51352
36.7566	1.02927	1.48415
36.788	1.07492	1.45328
36.8195	1.11956	1.42094
36.8509	1.16314	1.38717
36.8823	1.20562	1.352
36.9137	1.24694	1.31546
36.9451	1.28708	1.27758
36.9765	1.32598	1.23841
37.008	1.36362	1.19798
37.0394	1.39995	1.15632
37.0708	1.43493	1.11348
37.1022	1.46853	1.0695
37.1336	1.50071	1.02442
37.165	1.53144	0.978283
37.1965	1.5607	0.931137
37.2279	1.58844	0.883025
37.2593	1.61464	0.833995
37.2907	1.63927	0.784092
37.3221	1.66231	0.733367
37.3535	1.68373	0.681868
37.385	1.70351	0.629645
37.4164	1.72163	0.576749
37.4478	1.73807	0.523231
37.4792	1.75281	0.469145
37.5106	1.76583	0.414542
37.542	1.77712	0.359476
37.5734	1.78668	0.304
37.6049	1.79447	0.24817
37.6363	1.8005	0.19204
37.6677	1.80477	0.135665
37.6991	1.80725	0.0791008
37.7305	1.80796	0.0224023
37.7619	1.80688	-0.0343741
37.7934	1.80401	-0.0911728
37.8248	1.79936	-0.147937
37.8562	1.79294	-0.204612
37.8876	1.78473	-0.261141
37.919	1.77476	-0.317468
37.9504	1.76302	-0.373537
37.9819	1.74954	-0.429292
38.0133	1.73431	-0.484679
38.0447	1.71736	-0.539643
38.0761	1.69869	-0.594128
38.1075	1.67833	-0.64808
38.1389	1.6563	-0.701446
38.1704	1.6326	-0.754172
38.2018	1.60727	-0.806206
38.2332	1.58034	-0.857496
38.2646	1.55181	-0.90799
38.296	1.52172	-0.957638
38.3274	1.49011	-1.00639
38.3588	1.45699	-1.0542
38.3903	1.4224	-1.10101
38.4217	1.38637	-1.14678
38.4531	1.34894	-1.19147
38.4845	1.31014	-1.23502
38.5159	1.27001	-1.2774
38.5473	1.22859	-1.31856
38.5788	1.18591	-1.35846
38.6102	1.14202	-1.39706
38.6416	1.09696	-1.43431
38.673	1.05077	-1.47019
38.7044	1.0035	-1.50465
38.7358	0.955197	-1.53766
38.7673	0.905899	-1.56919
38.7987	0.855659	-1.5992
38.8301	0.804525	-1.62766
38.8615	0.752546	-1.65454
38.8929	0.699773	-1.67981
38.9243	0.646257	-1.70345
38.9557	0.592051	-1.72544
38.9872	0.537207	-1.74574
39.0186	0.481779	-1.76434
39.05	0.42582	-1.78122
39.0814	0.369386	-1.79635
39.1128	0.312531	-1.80973
39.1442	0.255313	-1.82134
39.1757	0.197785	-1.83115
39.2071	0.140006	-1.83918
39.2385	0.0820312	-1.84539
39.2699	0.0239184	-1.84979
39.3013	-0.0342754	-1.85236
39.3327	-0.0924927	-1.85312
39.3642	-0.150676	-1.85204
39.3956	-0.208768	-1.84913
39.427	-0.266712	-1.8444
39.4584	-0.324449	-1.83784
39.4898	-0.381924	-1.82946
39.5212	-0.439078	-1.81927
39.5527	-0.495855	-1.80727
39.5841	-0.552198	-1.79348
39.6155	-0.608053	-1.7779
39.6469	-0.663362	-1.76055
39.6783	-0.718071	-1.74145
39.7097	-0.772126	-1.72061
39.7411	-0.825472	-1.69805
39.7726	-0.878055	-1.67379
39.804	-0.929824	-1.64786
39.8354	-0.980727	-1.62027
39.8668	-1.03071	-1.59106
39.8982	-1.07973	-1.56025
39.9296	-1.12773	-1.52787
39.9611	-1.17466	-1.49395
39.9925	-1.22048	-1.45852
40.0239	-1.26514	-1.42162
40.0553	-1.3086	-1.38328
40.0867	-1.35081	-1.34353
40.1181	-1.39173	-1.30242
40.1496	-1.43131	-1.25998
40.181	-1.46952	-1.21626
40.2124	-1.50632	-1.1713
40.2438	-1.54166	-1.12513
40.2752	-1.57552	-1.07781
40.3066	-1.60786	-1.02937
40.338	-1.63865	-0.979877
40.3695	-1.66784	-0.929365
40.4009	-1.69542	-0.877885
40.4323	-1.72136	-0.825488
40.4637	-1.74562	-0.772225
40.4951	-1.76818	-0.718147
40.5265	-1.78902	-0.663307
40.558	-1.80811	-0.607758
40.5894	-1.82544	-0.551554
40.6208	-1.84098	-0.494751
40.6522	-1.85472	-0.437403
40.6836	-1.86665	-0.379567
40.715	-1.87674	-0.321299
40.7465	-1.88499	-0.262657
40.7779	-1.89139	-0.203697
40.8093	-1.89593	-0.144478
40.8407	-1.8986	-0.0850585
40.8721	-1.8994	-0.0254962
40.9035	-1.89833	0.0341502
40.935	-1.89538	0.0938217
40.9664	-1.89056	0.153459
40.9978	-1.88387	0.213005
41.0292	-1.87531	0.272398
41.0606	-1.8649	0.331582
41.092	-1.85263	0.390497
41.1234	-1.83852	0.449084
41.1549	-1.82258	0.507286
41.1863	-1.80483	0.565045
41.2177	-1.78528	0.622303
41.2491	-1.76395	0.679003
41.2805	-1.74086	0.73509
41.3119	-1.71602	0.790506
41.3434	-1.68947	0.845196
41.3748	-1.66122	0.899107
41.4062	-1.63131	0.952183
41.4376	-1.59976	1.00437
41.469	-1.56659	1.05562
41.5004	-1.53185	1.10588
41.5319	-1.49556	1.15509
41.5633	-1.45776	1.20322
41.5947	-1.41848	1.2502
41.6261	-1.37777	1.296
41.6575	-1.33565	1.34056
41.6889	-1.29218	1.38385
41.7204	-1.24739	1.42581
41.7518	-1.20132	1.4664
41.7832	-1.15402	1.50559
41.8146	-1.10553	1.54333
41.846	-1.05591	1.57959
41.8774	-1.00519	1.61432
41.9088	-0.953437	1.64749
41.9403	-0.900687	1.67907
41.9717	-0.846997	1.70902
42.0031	-0.792417	1.73732
42.0345	-0.737002	1.76393
42.0659	-0.680804	1.78882
42.0973	-0.623879	1.81198
42.1288	-0.566283	1.83336
42.1602	-0.50807	1.85296
42.1916	-0.449299	1.87075
42.223	-0.390026	1.88671
42.2544	-0.330309	1.90083
42.2858	-0.270208	1.91308
42.3173	-0.209781	1.92346
42.3487	-0.149087	1.93195
42.3801	-0.0881859	1.93854
42.4115	-0.0271378	1.94322
42.4429	0.0339974	1.94599
42.4743	0.0951594	1.94685
42.5057	0.156288	1.94578
42.5372	0.217322	1.94279
42.5686	0.278203	1.93788
42.6	0.338868	1.93105
42.6314	0.399259	1.92231
42.6628	0.459316	1.91167
42.6942	0.518979	1.89912
42.7257	0.578188	1.88469
42.7571	0.636885	1.86839
42.7885	0.695012	1.85022
42.8199	0.75251	1.83022
42.8513	0.809322	1.80838
42.8827	0.865391	1.78474
42.9142	0.920661	1.75931
42.9456	0.975078	1.73213
42.977	1.02859	1.7032
43.0084	1.08113	1.67257
43.0398	1.13266	1.64026
43.0712	1.18312	1.60629
43.1027	1.23247	1.57071
43.1341	1.28065	1.53354
43.1655	1.32761	1.49482
43.1969	1.37331	1.45459
43.2283	1.41769	1.41288
43.2597	1.46072	1.36974
43.2911	1.50236	1.3252
43.3226	1.54255	1.27931
43.354	1.58125	1.23211
43.3854	1.61844	1.18365
43.4168	1.65407	1.13397
43.4482	1.68809	1.08313
43.4796	1.72049	1.03116
43.5111	1.75122	0.978131
43.5425	1.78025	0.924081
43.5739	1.80755	0.869064
43.6053	1.8331	0.813136
43.6367	1.85686	0.75635
43.6681	1.87881	0.698762
43.6996	1.89893	0.640427
43.731	1.91719	0.581403
43.7624	1.93358	0.521746
43.7938	1.94808	0.461516
43.8252	1.96067	0.40077
43.8566	1.97134	0.339569
43.888	1.98008	0.277973
43.9195	1.98686	0.216041
43.9509	1.9917	0.153836
43.9823	1.99457	0.0914165
44.0137	1.99547	0.0288455
44.0451	1.99441	-0.0338157
44.0765	1.99138	-0.0965053
44.108	1.98638	-0.159162
44.1394	1.97941	-0.221723
44.1708	1.97049	-0.284127
44.2022	1.95961	-0.346312
44.2336	1.94678	-0.408216
44.265	1.93202	-0.469779
44.2965	1.91534	-0.530939
44.3279	1.89676	-0.591636
44.3593	1.87628	-0.651808
44.3907	1.85393	-0.711396
44.4221	1.82973	-0.770341
44.4535	1.8037	-0.828584
44.485	1.77586	-0.886067
44.5164	1.74625	-0.942732
44.5478	1.71488	-0.998522
44.5792	1.68178	-1.05338
44.6106	1.647	-1.10726
44.642	1.61055	-1.16009
44.6734	1.57248	-1.21183
44.7049	1.53282	-1.26243
44.7363	1.49161	-1.31183
44.7677	1.44888	-1.35999
44.7991	1.40469	-1.40685
44.8305	1.35906	-1.45236
44.8619	1.31205	-1.49649
44.8934	1.26369	-1.53919
44.9248	1.21404	-1.58041
44.9562	1.16314	-1.62011
44.9876	1.11105	-1.65825
45.019	1.0578	-1.69479
45.0504	1.00346	-1.7297
45.0819	0.94808	-1.76293
45.1133	0.891706	-1.79445
45.1447	0.834396	-1.82424
45.1761	0.776206	-1.85225
45.2075	0.717192	-1.87846
45.2389	0.657412	-1.90285
45.2704	0.596925	-1.92538
45.3018	0.535788	-1.94603
45.3332	0.474062	-1.96479
45.3646	0.411808	-1.98162
45.396	0.349086	-1.99651
45.4274	0.285957	-2.00945
45.4588	0.222484	-2.02042
45.4903	0.158728	-2.0294
45.5217	0.0947533	-2.03639
45.5531	0.0306216	-2.04138
45.5845	-0.0336037	-2.04435
45.6159	-0.0978591	-2.04531
45.6473	-0.162081	-2.04426
45.6788	-0.226207	-2.04118
45.7102	-0.290173	-2.03609
45.7416	-0.353915	-2.02899
45.773	-0.417371	-2.01987
45.8044	-0.480478	-2.00875
45.8358	-0.543173	-1.99564
45.8673	-0.605394	-1.98054
45.8987	-0.667078	-1.96348
45.9301	-0.728165	-1.94446
45.9615	-0.788594	-1.9235
45.9929	-0.848304	-1.90063
46.0243	-0.907236	-1.87585
46.0557	-0.96533	-1.8492
46.0872	-1.02253	-1.8207
46.1186	-1.07878	-1.79038
46.15	-1.13401	-1.75825
46.1814	-1.18819	-1.72436
46.2128	-1.24124	-1.68874
46.2442	-1.29312	-1.65141
46.2757	-1.34377	-1.61241
46.3071	-1.39315	-1.57179
46.3385	-1.44121	-1.52957
46.3699	-1.48788	-1.4858
46.4013	-1.53314	-1.44053
46.4327	-1.57693	-1.39378
46.4642	-1.6192	-1.34562
46.4956	-1.65992	-1.29608
46.527	-1.69904	-1.24521
46.5584	-1.73652	-1.19306
46.5898	-1.77232	-1.13969
46.6212	-1.80641	-1.08513
46.6527	-1.83875	-1.02945
46.6841	-1.86931	-0.972702
46.7155	-1.89806	-0.914936
46.7469	-1.92496	-0.85621
46.7783	-1.94998	-0.796581
46.8097	-1.97311	-0.736106
46.8411	-1.99431	-0.674846
46.8726	-2.01356	-0.612859
46.904	-2.03085	-0.550206
46.9354	-2.04614	-0.486948
46.9668	-2.05944	-0.423147
46.9982	-2.07071	-0.358866
47.0296	-2.07995	-0.294166
47.0611	-2.08715	-0.229113
47.0925	-2.0923	-0.16377
47.1239	-2.09538	-0.0981998
47.1553	-2.0964	-0.0324684
47.1867	-2.09535	0.03336
47.2181	-2.09224	0.0992203
47.2496	-2.08705	0.165048
47.281	-2.0798	0.230777
47.3124	-2.07049	0.296344
47.3438	-2.05913	0.361683
47.3752	-2.04572	0.426729
47.4066	-2.03028	0.491419
47.438	-2.01283	0.555687
47.4695	-1.99336	0.61947
47.5009	-1.97192	0.682705
47.5323	-1.9485	0.745328
47.5637	-1.92314	0.807278
47.5951	-1.89586	0.868492
47.6265	-1.86667	0.928909
47.658	-1.83562	0.988469
47.6894	-1.80272	1.04711
47.7208	-1.76802	1.10478
47.7522	-1.73153	1.16141
47.7836	-1.6933	1.21696
47.815	-1.65336	1.27136
47.8465	-1.61174	1.32455
47.8779	-1.5685	1.37649
47.9093	-1.52367	1.42713
47.9407	-1.47728	1.4764
47.9721	-1.4294	1.52427
48.0035	-1.38005	1.57068
48.035	-1.3293	1.61559
48.0664	-1.27718	1.65894
48.0978	-1.22375	1.7007
48.1292	-1.16906	1.74083
48.1606	-1.11316	1.77927
48.192	-1.05611	1.816
48.2234	-0.997962	1.85097
48.2549	-0.93877	1.88415
48.2863	-0.878593	1.9155
48.3177	-0.817489	1.94499
48.3491	-0.755518	1.9726
48.3805	-0.69274	1.99828
48.4119	-0.629217	2.02201
48.4434	-0.56501	2.04378
48.4748	-0.500181	2.06354
48.5062	-0.434796	2.08129
48.5376	-0.368916	2.09701
48.569	-0.302607	2.11067
48.6004	-0.235935	2.12226
48.6319	-0.168963	2.13176
48.6633	-0.101759	2.13918
48.6947	-0.0343882	2.14448
48.7261	0.0330832	2.14768
48.7575	0.100589	2.14876
48.7889	0.168061	2.14772
48.8203	0.235435	2.14456
48.8518	0.302642	2.13928
48.8832	0.369617	2.13189
48.9146	0.436294	2.12238
48.946	0.502606	2.11077
48.9774	0.568487	2.09706
49.0088	0.633872	2.08127
49.0403	0.698696	2.06341
49.0717	0.762894	2.0435
49.1031	0.826403	2.02155
49.1345	0.889159	1.99758
49.1659	0.951099	1.97162
49.1973	1.01216	1.94368
49.2288	1.07229	1.9138
49.2602	1.13141	1.88201
49.2916	1.18948	1.84832
49.323	1.24643	1.81278
49.3544	1.3022	1.77541
49.3858	1.35675	1.73625
49.4173	1.41001	1.69534
49.4487	1.46193	1.65272
49.4801	1.51246	1.60842
49.5115	1.56155	1.56249
49.5429	1.60914	1.51498
49.5743	1.6552	1.46592
49.6057	1.69966	1.41537
49.6372	1.74249	1.36337
49.6686	1.78365	1.30997
49.7	1.82308	1.25523
49.7314	1.86075	1.19919
49.7628	1.89663	1.14192
49.7942	1.93067	1.08346
49.8257	1.96283	1.02388
49.8571	1.99309	0.963223
49.8885	2.02142	0.901559
49.9199	2.04777	0.838944
49.9513	2.07213	0.77544
49.9827	2.09447	0.711107
50.0142	2.11477	0.646009
50.0456	2.133	0.580209
50.077	2.14914	0.513772
50.1084	2.16317	0.446762
50.1398	2.17509	0.379245
50.1712	2.18487	0.311287
50.2027	2.1925	0.242954
50.2341	2.19798	0.174315
50.2655	2.20129	0.105435
50.2969	2.20243	0.0363838
50.3283	2.2014	-0.0327717
50.3597	2.1982	-0.101963
50.3911	2.19282	-0.171122
50.4226	2.18528	-0.240181
50.454	2.17557	-0.30907
50.4854	2.1637	-0.377723
50.5168	2.14969	-0.44607
50.5482	2.13354	-0.514045
50.5796	2.11527	-0.581579
50.6111	2.09489	-0.648606
50.6425	2.07243	-0.715059
50.6739	2.04789	-0.780872
50.7053	2.02132	-0.845979
50.7367	1.99272	-0.910316
50.7681	1.96212	-0.973817
50.7996	1.92956	-1.03642
50.831	1.89507	-1.09806
50.8624	1.85867	-1.15868
50.8938	1.8204	-1.21822
50.9252	1.78029	-1.27661
50.9566	1.73839	-1.3338
50.988	1.69473	-1.38973
51.0195	1.64935	-1.44434
51.0509	1.6023	-1.49758
51.0823	1.55363	-1.5494
51.1137	1.50337	-1.59974
51.1451	1.45158	-1.64854
51.1765	1.39831	-1.69577
51.208	1.3436	-1.74138
51.2394	1.28751	-1.78531
51.2708	1.2301	-1.82752
51.3022	1.17142	-1.86796
51.3336	1.11152	-1.90661
51.365	1.05046	-1.94341
51.3965	0.988313	-1.97833
51.4279	0.925125	-2.01133
51.4593	0.860961	-2.04238
51.4907	0.795885	-2.07144
51.5221	0.729959	-2.09849
51.5535	0.663248	-2.12349
51.585	0.595816	-2.14643
51.6164	0.527729	-2.16726
51.6478	0.459054	-2.18598
51.6792	0.389859	-2.20256
51.7106	0.32021	-2.21698
51.742	0.250177	-2.22923
51.7734	0.179828	-2.23929
51.8049	0.109231	-2.24715
51.8363	0.0384575	-2.2528
51.8677	-0.0324241	-2.25623
51.8991	-0.103344	-2.25744
51.9305	-0.174231	-2.25642
51.9619	-0.245017	-2.25317
51.9934	-0.31563	-2.2477
52.0248	-0.386002	-2.24
52.0562	-0.456062	-2.23009
52.0876	-0.525742	-2.21796
52.119	-0.594971	-2.20363
52.1504	-0.663681	-2.18712
52.1819	-0.731804	-2.16842
52.2133	-0.799272	-2.14757
52.2447	-0.866018	-2.12458
52.2761	-0.931975	-2.09947
52.3075	-0.997077	-2.07227
52.3389	-1.06126	-2.04299
52.3703	-1.12446	-2.01166
52.4018	-1.18661	-1.97832
52.4332	-1.24765	-1.943
52.4646	-1.30752	-1.90572
52.496	-1.36616	-1.86652
52.5274	-1.42351	-1.82545
52.5588	-1.47951	-1.78253
52.5903	-1.5341	-1.73781
52.6217	-1.58724	-1.69133
52.6531	-1.63886	-1.64313
52.6845	-1.68891	-1.59327
52.7159	-1.73735	-1.54178
52.7473	-1.78412	-1.48872
52.7788	-1.82917	-1.43414
52.8102	-1.87246	-1.37809
52.8416	-1.91395	-1.32063
52.873	-1.95359	-1.2618
52.9044	-1.99135	-1.20167
52.9358	-2.02717	-1.1403
52.9673	-2.06103	-1.07774
52.9987	-2.09288	-1.01405
53.0301	-2.12271	-0.949305
53.0615	-2.15047	-0.883555
53.0929	-2.17613	-0.816868
53.1243	-2.19967	-0.749309
53.1557	-2.22106	-0.680944
53.1872	-2.24028	-0.611839
53.2186	-2.25731	-0.542063
53.25	-2.27213	-0.471682
53.2814	-2.28472	-0.400767
53.3128	-2.29507	-0.329385
53.3442	-2.30316	-0.257609
53.3757	-2.30899	-0.185507
53.4071	-2.31254	-0.113151
53.4385	-2.31382	-0.0406121
53.4699	-2.31281	0.0320387
53.5013	-2.30952	0.104729
53.5327	-2.30395	0.177389
53.5642	-2.2961	0.249945
53.5956	-2.28597	0.322325
53.627	-2.27358	0.394459
53.6584	-2.25893	0.466275
53.6898	-2.24204	0.537702
53.7212	-2.22292	0.608668
53.7527	-2.20158	0.679104
53.7841	-2.17805	0.748939
53.8155	-2.15235	0.818104
53.8469	-2.1245	0.886529
53.8783	-2.09453	0.954148
53.9097	-2.06245	1.02089
53.9411	-2.02831	1.08669
53.9726	-1.99214	1.15149
54.004	-1.95396	1.21521
54.0354	-1.91382	1.27779
54.0668	-1.87175	1.33918
54.0982	-1.82779	1.3993
54.1296	-1.78198	1.45811
54.1611	-1.73437	1.51553
54.1925	-1.685	1.57151
54.2239	-1.63392	1.626
54.2553	-1.58117	1.67893
54.2867	-1.52681	1.73026
54.3181	-1.47089	1.77994
54.3496	-1.41347	1.8279
54.381	-1.35459	1.87411
54.4124	-1.29432	1.91852
54.4438	-1.23271	1.96107
54.4752	-1.16982	2.00174
54.5066	-1.10572	2.04046
54.538	-1.04046	2.07721
54.5695	-0.974115	2.11195
54.6009	-0.906739	2.14464
54.6323	-0.838402	2.17524
54.6637	-0.76917	2.20373
54.6951	-0.69911	2.23007
54.7265	-0.628292	2.25423
54.758	-0.556783	2.27619
54.7894	-0.484654	2.29593
54.8208	-0.411976	2.31342
54.8522	-0.338819	2.32865
54.8836	-0.265256	2.34159
54.915	-0.191358	2.35224
54.9465	-0.117199	2.36057
54.9779	-0.0428502	2.36658
55.0093	0.0316138	2.37026
55.0407	0.10612	2.37161
55.0721	0.180595	2.37062
55.1035	0.254966	2.36728
55.135	0.329158	2.36161
55.1664	0.403098	2.3536
55.1978	0.476714	2.34326
55.2292	0.549932	2.33059
55.2606	0.622679	2.31562
55.292	0.694883	2.29834
55.3234	0.766473	2.27878
55.3549	0.837378	2.25695
55.3863	0.907525	2.23287
55.4177	0.976846	2.20656
55.4491	1.04527	2.17805
55.4805	1.11273	2.14736
55.5119	1.17916	2.11453
55.5434	1.24449	2.07957
55.5748	1.30866	2.04252
55.6062	1.3716	2.00343
55.6376	1.43325	1.96231
55.669	1.49354	1.91922
55.7004	1.55242	1.8742
55.7319	1.60983	1.82728
55.7633	1.6657	1.7785
55.7947	1.71999	1.72793
55.8261	1.77263	1.6756
55.8575	1.82357	1.62157
55.8889	1.87276	1.56588
55.9203	1.92016	1.50859
55.9518	1.9657	1.44975
55.9832	2.00935	1.38943
56.0146	2.05106	1.32768
56.046	2.09079	1.26455
56.0774	2.12849	1.20011
56.1088	2.16413	1.13443
56.1403	2.19767	1.06756
56.1717	2.22907	0.999572
56.2031	2.25831	0.930531
56.2345	2.28534	0.860502
56.2659	2.31014	0.789555
56.2973	2.33269	0.717759
56.3288	2.35296	0.645184
56.3602	2.37093	0.5719
56.3916	2.38657	0.49798
56.423	2.39988	0.423495
56.4544	2.41083	0.348518
56.4858	2.41941	0.273124
56.5173	2.42561	0.197386
56.5487	2.42942	0.121378
56.5801	2.43084	0.0451749
56.6115	2.42986	-0.0311477
56.6429	2.42649	-0.107515
56.6743	2.42071	-0.183851
56.7057	2.41254	-0.260082
56.7372	2.40198	-0.33613
56.7686	2.38904	-0.411922
56.8	2.37373	-0.487383
56.8314	2.35606	-0.562437
56.8628	2.33604	-0.63701
56.8942	2.31371	-0.711027
56.9257	2.28906	-0.784416
56.9571	2.26214	-0.857103
56.9885	2.23295	-0.929017
57.0199	2.20153	-1.00008
57.0513	2.16791	-1.07023
57.0827	2.13212	-1.1394
57.1142	2.09418	-1.2075
57.1456	2.05414	-1.27449
57.177	2.01204	-1.34028
57.2084	1.9679	-1.40481
57.2398	1.92178	-1.46802
57.2712	1.87372	-1.52984
57.3027	1.82376	-1.59022
57.3341	1.77196	-1.64908
57.3655	1.71835	-1.70638
57.3969	1.66299	-1.76205
57.4283	1.60594	-1.81603
57.4597	1.54725	-1.86827
57.4911	1.48697	-1.91873
57.5226	1.42516	-1.96733
57.554	1.36189	-2.01405
57.5854	1.29721	-2.05882
57.6168	1.23118	-2.10161
57.6482	1.16388	-2.14236
57.6796	1.09536	-2.18104
57.7111	1.02569	-2.2176
57.7425	0.954944	-2.25201
57.7739	0.883183	-2.28424
57.8053	0.810479	-2.31424
57.8367	0.736903	-2.34198
57.8681	0.662528	-2.36745
57.8996	0.587425	-2.3906
57.931	0.511669	-2.41141
57.9624	0.435332	-2.42986
57.9938	0.358491	-2.44594
58.0252	0.28122	-2.45962
58.0566	0.203595	-2.47088
58.088	0.125692	-2.47971
58.1195	0.0475888	-2.48611
58.1509	-0.0306386	-2.49006
58.1823	-0.108913	-2.49155
58.2137	-0.187157	-2.49059
58.2451	-0.265294	-2.48717
58.2765	-0.343246	-2.48129
58.308	-0.420936	-2.47295
58.3394	-0.498287	-2.46217
58.3708	-0.575223	-2.44895
58.4022	-0.651667	-2.43329
58.4336	-0.727544	-2.41522
58.465	-0.802777	-2.39475
58.4965	-0.877292	-2.37189
58.5279	-0.951015	-2.34667
58.5593	-1.02387	-2.31911
58.5907	-1.09579	-2.28923
58.6221	-1.1667	-2.25707
58.6535	-1.23652	-2.22264
58.685	-1.3052	-2.18599
58.7164	-1.37265	-2.14714
58.7478	-1.43882	-2.10614
58.7792	-1.50363	-2.06302
58.8106	-1.56702	-2.01781
58.842	-1.62893	-1.97058
58.8734	-1.68929	-1.92135
58.9049	-1.74805	-1.87017
58.9363	-1.80513	-1.8171
58.9677	-1.86049	-1.76219
58.9991	-1.91407	-1.70548
59.0305	-1.96581	-1.64703
59.0619	-2.01567	-1.58689
59.0934	-2.06358	-1.52514
59.1248	-2.10951	-1.46181
59.1562	-2.15339	-1.39698
59.1876	-2.1952	-1.33071
59.219	-2.23488	-1.26306
59.2504	-2.27239	-1.1941
59.2819	-2.3077	-1.12388
59.3133	-2.34076	-1.0525
59.3447	-2.37155	-0.979997
59.3761	-2.40003	-0.90646
59.4075	-2.42617	-0.831955
59.4389	-2.44993	-0.756556
59.4703	-2.47131	-0.680336
59.5018	-2.49026	-0.603369
59.5332	-2.50678	-0.52573
59.5646	-2.52084	-0.447496
59.596	-2.53242	-0.368744
59.6274	-2.54152	-0.289549
59.6588	-2.54812	-0.209991
59.6903	-2.5522	-0.130147
59.7217	-2.55378	-0.0500952
59.7531	-2.55283	0.0300847
59.7845	-2.54937	0.110314
59.8159	-2.54338	0.190514
59.8473	-2.53488	0.270604
59.8788	-2.52387	0.350507
59.9102	-2.51036	0.430143
59.9416	-2.49435	0.509432
59.973	-2.47587	0.588298
60.0044	-2.45493	0.66666
60.0358	-2.43154	0.744442
60.0673	-2.40573	0.821565
60.0987	-2.37752	0.897954
60.1301	-2.34693	0.973533
60.1615	-2.314	1.04822
60.1929	-2.27876	1.12196
60.2243	-2.24122	1.19465
60.2557	-2.20144	1.26624
60.2872	-2.15945	1.33665
60.3186	-2.11529	1.40581
60.35	-2.06899	1.47365
60.3814	-2.02061	1.54011
60.4128	-1.97018	1.60511
60.4442	-1.91776	1.66859
60.4757	-1.8634	1.73048
60.5071	-1.80714	1.79073
60.5385	-1.74904	1.84927
60.5699	-1.68916	1.90604
60.6013	-1.62756	1.96099
60.6327	-1.56428	2.01406
60.6642	-1.4994	2.06519
60.6956	-1.43298	2.11433
60.727	-1.36508	2.16144
60.7584	-1.29576	2.20645
60.7898	-1.22509	2.24934
60.8212	-1.15315	2.29005
60.8526	-1.08	2.32853
60.8841	-1.0057	2.36476
60.9155	-0.930348	2.39869
60.9469	-0.853998	2.43029
60.9783	-0.77673	2.45951
61.0097	-0.698619	2.48634
61.0411	-0.619742	2.51074
61.0726	-0.540175	2.53269
61.104	-0.459997	2.55216
61.1354	-0.379285	2.56913
61.1668	-0.298119	2.58358
61.1982	-0.216579	2.5955
61.2296	-0.134745	2.60486
61.2611	-0.052697	2.61167
61.2925	0.029484	2.6159
61.3239	0.111717	2.61756
61.3553	0.193921	2.61663
61.3867	0.276014	2.61312
61.4181	0.357917	2.60703
61.4496	0.439547	2.59836
61.481	0.520823	2.58711
61.5124	0.601666	2.57331
61.5438	0.681995	2.55694
61.5752	0.76173	2.53804
61.6066	0.840791	2.51662
61.638	0.919101	2.49269
61.6695	0.996582	2.46627
61.7009	1.07315	2.4374
61.7323	1.14874	2.40609
61.7637	1.22327	2.37237
61.7951	1.29667	2.33628
61.8265	1.36886	2.29785
61.858	1.43977	2.25712
61.8894	1.50933	2.21411
61.9208	1.57747	2.16888
61.9522	1.64411	2.12147
61.9836	1.7092	2.07191
62.015	1.77267	2.02026
62.0465	1.83445	1.96656
62.0779	1.89449	1.91087
62.1093	1.95271	1.85324
62.1407	2.00906	1.79372
62.1721	2.06348	1.73238
62.2035	2.11592	1.66926
62.235	2.16633	1.60443
62.2664	2.21465	1.53796
62.2978	2.26082	1.4699
62.3292	2.30482	1.40033
62.3606	2.34658	1.3293
62.392	2.38606	1.25689
62.4234	2.42323	1.18317
62.4549	2.45805	1.10821
62.4863	2.49047	1.03209
62.5177	2.52047	0.954864
62.5491	2.54801	0.876623
62.5805	2.57306	0.79744
62.6119	2.5956	0.717392
62.6434	2.6156	0.636557
62.6748	2.63304	0.555013
62.7062	2.64789	0.472842
62.7376	2.66015	0.390123
62.769	2.66979	0.306937
